/mnt/kwiat/well/human/george/admix_sims/chromopainter/input/JOLA /mnt/kwiat/well/human/george/admix_sims/chromopainter/input/JUHOAN
20 20
0.8 0.2
22
2
chromo 22
290
546
318
296
525
9
65
555
475
491
402
275
124
459
160
364
343
34
408
418
307
153
51
462
460
354
246
110
67
277
49
408
184
458
346
235
354
99
64
455
130
296
460
20
105
380
23
153
129
92
560
224
231
270
287
9
205
342
23
209
83
377
329
413
195
600
308
235
356
403
488
65
426
272
350
60
595
93
290
377
126
516
368
355
432
162
439
581
516
609
452
502
205
43
320
455
123
405
107
68
123
147
411
474
548
331
537
253
170
459
134
16
180
58
59
197
282
219
68
198
451
282
39
136
466
276
394
483
547
38
540
146
237
117
327
429
62
156
249
463
588
597
308
48
581
477
144
551
226
19
431
280
379
368
200
139
34
13
23
105
177
132
548
267
68
180
531
300
357
461
491
505
406
345
504
360
332
475
167
399
153
575
350
149
430
355
348
177
11
546
346
479
166
180
32
590
257
163
115
399
600
330
412
261
571
394
230
464
232
22
383
264
150
92
583
385
8
496
426
507
71
246
376
215
6
187
208
459
73
148
448
290
427
203
172
547
345
6
284
490
553
11
79
253
181
346
155
46
449
294
463
92
157
283
28
152
381
95
412
354
43
596
391
245
346
80
453
390
573
291
112
553
22
232
588
68
297
126
421
174
68
49
513
258
125
338
477
186
226
261
379
332
381
327
324
551
147
113
594
610
207
521
592
310
438
457
538
401
227
232
458
153
49
449
96
179
335
197
376
422
441
610
150
527
65
504
143
229
426
136
265
3
456
479
587
97
164
21
19
50
604
124
529
128
45
439
553
309
169
26
507
522
279
412
7
316
46
260
521
328
101
189
501
234
179
493
158
278
496
197
311
285
249
134
181
455
606
95
214
492
271
163
138
439
114
240
382
465
514
400
322
395
520
437
178
62
41
91
458
14
329
568
353
7
193
428
454
257
382
372
45
217
406
387
486
529
121
99
501
62
145
141
375
606
577
241
117
377
277
445
113
244
285
460
595
470
58
190
216
599
105
45
42
63
499
290
127
74
231
210
241
382
450
565
453
13
576
326
563
94
459
423
226
60
51
107
542
399
231
51
118
152
609
265
141
524
55
37
22
532
182
95
503
283
137
609
294
220
75
387
274
455
319
453
469
381
266
218
456
47
122
105
118
273
217
265
207
453
189
378
520
367
374
476
8
432
133
80
13
586
326
548
24
160
8
262
291
293
391
346
453
449
354
236
74
81
354
225
327
475
430
269
545
369
40
580
508
486
588
572
536
132
60
546
400
150
471
496
467
220
210
462
202
13
168
213
33
43
475
589
438
403
464
236
371
345
591
163
223
608
8
166
376
319
193
388
309
156
101
509
447
80
155
242
456
69
4
540
12
572
27
390
448
23
245
100
494
2
5
574
122
352
510
541
132
85
260
181
370
243
127
528
121
90
539
238
281
32
210
331
413
156
233
366
160
379
480
504
100
443
211
66
436
116
86
70
388
146
534
515
213
166
434
399
143
281
104
479
11
52
288
179
64
256
369
461
152
604
320
541
275
387
22
311
494
67
559
483
378
430
216
177
332
4
419
273
295
570
47
225
114
254
309
128
463
546
374
258
134
165
504
584
605
29
133
581
396
50
60
456
409
522
399
588
584
459
289
548
444
440
571
280
380
480
77
323
538
106
265
278
125
327
47
236
560
541
93
45
606
308
194
162
265
302
73
430
122
264
156
210
105
181
85
395
503
60
454
71
407
8
162
528
34
227
454
213
190
504
607
397
433
224
379
299
602
303
512
566
168
211
601
274
492
272
490
159
93
394
122
446
401
341
240
48
198
85
4
575
83
504
349
405
52
257
167
227
588
544
316
43
520
111
18
225
602
1
452
113
323
164
79
163
167
27
585
441
569
407
212
393
351
232
134
68
92
357
171
176
179
98
595
376
67
483
463
221
609
337
603
295
115
303
311
260
458
21
200
227
342
441
48
303
314
32
561
587
93
181
604
36
461
341
537
491
228
195
462
456
149
397
607
204
2
194
32
195
5
122
208
134
74
123
301
589
388
363
362
611
139
599
398
116
245
25
308
388
597
128
476
405
9
47
527
415
562
590
561
425
71
458
60
119
591
166
302
47
175
561
88
315
63
585
163
394
68
544
187
239
21
114
187
531
351
45
41
476
249
94
10
114
361
452
256
391
603
84
228
349
158
413
211
358
476
341
517
335
102
405
605
545
308
28
142
254
432
600
535
451
176
206
549
409
440
161
477
314
380
390
411
95
253
583
402
71
417
538
284
450
599
366
344
540
81
100
288
109
344
135
498
282
143
260
294
37
411
9
105
483
588
402
527
362
115
106
590
311
184
258
496
246
591
45
225
259
308
366
585
560
355
24
433
338
226
5
355
197
505
112
130
128
439
228
298
190
16
589
266
187
223
162
17
238
237
269
584
443
319
31
174
190
256
502
422
241
457
386
340
384
452
324
175
398
610
214
68
321
226
454
141
335
81
5
285
355
269
493
18
111
168
190
14
494
572
242
226
410
144
400
556
247
281
329
160
549
1
592
112
373
477
185
608
304
35
2
408
82
56
485
254
552
137
598
91
420
36
53
116
362
72
298
556
277
231
4
438
167
485
208
294
365
401
226
221
29
573
69
168
107
341
496
99
414
385
122
121
412
490
78
576
43
378
203
444
520
248
271
424
39
554
12
557
319
518
206
80
45
541
243
117
127
198
469
535
421
39
253
482
413
605
563
93
261
585
426
241
219
519
64
189
70
90
151
181
34
114
419
61
219
163
364
426
23
548
549
538
493
158
36
541
12
590
287
290
129
104
452
281
570
240
275
115
254
410
418
345
183
128
247
553
14
452
171
136
438
535
546
409
80
104
90
300
187
420
602
463
91
65
491
159
263
390
91
247
585
611
259
451
337
449
31
75
58
32
40
326
232
491
56
262
591
98
498
268
390
175
227
591
106
418
186
132
269
416
332
50
199
185
582
88
168
542
151
79
125
411
288
272
296
344
195
107
359
605
126
427
107
174
450
403
520
215
26
559
508
310
90
167
58
160
350
340
360
243
304
399
293
357
192
558
62
351
528
399
263
599
101
148
450
455
383
416
526
221
233
322
76
83
372
407
301
132
497
40
530
406
517
322
366
72
207
586
387
215
322
406
348
370
259
90
23
176
462
4
291
257
38
394
430
226
505
209
190
147
50
393
471
537
261
208
141
226
194
418
50
611
155
173
76
177
531
508
103
228
382
459
42
106
146
404
2
254
194
429
273
563
453
102
229
113
24
234
555
551
377
337
13
106
432
608
275
18
264
240
372
285
312
368
6
48
333
351
169
216
96
180
73
353
477
260
167
317
255
400
313
451
175
23
373
380
335
335
30
312
96
249
267
548
354
539
287
325
581
367
176
557
447
105
149
152
199
201
75
452
452
179
451
551
215
97
439
582
289
309
511
201
78
320
149
386
326
107
44
225
293
112
83
493
52
239
416
49
160
332
610
285
59
577
126
237
370
105
308
163
277
530
439
349
421
308
206
93
105
541
30
276
324
498
456
235
12
114
49
278
478
114
458
183
518
326
326
39
483
372
10
90
395
248
344
90
211
215
105
203
302
566
66
351
106
501
424
386
207
602
142
181
445
537
139
484
323
587
298
456
501
575
139
44
168
262
312
290
281
78
85
201
247
314
7
413
362
400
385
6
459
16
60
250
528
352
329
287
409
380
410
343
456
143
483
10
106
116
31
94
407
452
22
168
12
394
274
599
203
13
554
229
109
347
549
249
378
202
364
171
436
122
290
87
533
415
389
190
173
184
219
564
343
6
391
517
213
122
317
101
70
289
200
496
415
290
230
152
433
359
383
272
298
573
345
174
186
573
256
29
24
246
309
226
284
533
280
81
554
432
353
176
339
276
269
419
261
261
16
418
511
569
84
599
214
275
406
184
314
431
244
93
335
280
172
501
61
206
80
166
491
251
107
231
607
139
492
99
254
292
534
436
193
90
200
521
533
464
371
312
594
202
98
44
337
145
61
436
87
94
298
201
466
486
583
365
193
220
537
130
137
105
3
23
154
554
438
496
564
313
290
84
97
195
267
411
140
539
401
243
109
32
410
268
216
162
517
377
511
185
33
484
406
58
608
18
269
560
126
354
181
397
122
480
506
261
485
455
206
492
552
135
166
570
332
145
249
195
424
442
487
565
278
226
32
382
434
364
164
143
436
137
605
458
335
218
513
350
127
281
477
294
397
275
293
83
73
317
488
434
58
247
177
500
247
526
247
357
138
67
383
171
33
454
532
559
566
486
509
327
98
611
48
476
126
513
104
93
147
213
106
160
584
68
351
603
153
193
246
428
343
531
443
420
182
298
454
486
415
404
156
442
512
308
315
252
381
376
365
511
181
384
389
22
31
567
394
514
304
151
578
78
68
21
512
168
45
371
319
530
393
311
78
377
480
183
217
89
504
175
284
119
120
45
96
189
192
272
89
489
19
298
373
34
529
202
535
300
475
184
210
565
126
105
414
324
530
116
55
593
118
522
21
481
100
418
584
504
231
298
258
437
550
333
245
538
587
208
143
351
456
390
184
612
427
320
559
174
546
133
281
76
288
1
567
584
140
188
501
529
588
90
596
98
32
511
113
253
9
462
440
209
574
358
427
475
488
204
295
291
498
176
424
291
153
119
406
157
349
9
507
556
53
408
183
610
489
29
377
172
364
415
307
210
370
478
309
393
394
125
492
381
366
307
545
248
292
2
400
144
23
481
285
159
260
279
117
380
10
134
185
153
251
118
135
314
393
341
604
9
25
248
5
595
502
481
161
365
393
63
174
116
52
501
387
519
381
102
535
43
418
331
131
449
508
427
326
466
517
335
58
337
466
334
232
93
136
352
93
185
179
290
591
495
31
178
55
22
434
184
209
594
141
250
503
177
240
234
348
483
222
432
223
607
603
450
168
418
184
5
5
30
182
598
8
70
73
555
46
73
381
73
545
6
27
193
484
523
228
213
123
369
377
67
451
108
481
20
78
41
355
558
254
165
551
10
485
556
121
416
214
337
591
293
206
592
600
364
575
54
241
342
549
139
252
395
243
410
360
496
129
205
219
385
555
457
363
82
304
99
236
140
343
144
605
228
274
81
60
478
81
144
281
235
463
153
205
136
105
332
512
287
314
354
158
456
18
320
550
462
235
138
245
110
377
503
341
267
122
292
539
183
194
487
22
199
604
430
101
124
1
132
508
252
87
418
29
226
9
493
341
84
352
260
371
90
292
204
502
495
376
260
215
589
104
367
205
11
435
451
345
492
115
199
319
67
280
286
34
501
129
367
320
443
455
375
288
232
288
439
571
331
250
150
279
246
222
141
299
266
95
327
300
415
598
240
12
58
90
387
292
124
256
3
583
381
428
550
87
263
150
127
588
282
336
375
91
108
565
532
59
481
142
358
347
572
234
433
359
386
49
381
307
600
434
398
573
66
428
2
132
68
331
219
66
2
134
303
107
245
2
390
127
448
111
148
410
152
564
126
250
149
82
354
394
125
244
104
250
19
556
232
48
42
575
351
603
317
278
262
189
367
193
588
47
181
273
286
268
343
272
350
259
589
289
119
196
59
430
375
594
48
188
326
299
482
281
55
105
177
435
165
297
547
195
444
424
573
90
329
39
495
400
175
1
121
62
98
107
58
27
88
440
194
84
102
504
35
70
176
120
346
43
42
544
369
395
461
167
323
385
287
131
507
214
127
269
448
395
306
240
230
384
535
287
191
393
299
384
97
40
110
474
233
282
431
171
237
501
253
206
64
525
548
441
306
462
375
433
561
577
459
444
439
48
41
69
6
476
173
436
604
511
579
267
140
78
481
18
130
157
180
437
447
95
345
415
103
4
595
159
276
446
26
196
491
254
25
489
294
405
567
395
307
470
438
372
353
298
283
243
62
34
490
349
267
277
50
201
438
338
609
107
392
149
347
458
248
576
239
509
213
175
305
198
455
3
250
249
492
115
603
144
146
577
465
312
179
587
570
353
444
352
183
444
406
28
195
309
500
116
343
441
260
209
124
350
471
245
480
59
542
180
281
151
203
581
152
47
416
134
36
562
188
108
117
529
72
326
578
188
588
367
129
582
148
247
187
392
146
308
164
362
604
283
364
391
540
183
330
74
391
379
481
479
255
431
315
17
82
428
277
582
85
243
327
197
312
503
31
453
165
56
248
442
308
104
548
412
514
475
429
346
425
239
8
70
293
388
341
128
195
369
464
11
298
215
531
313
564
166
185
482
70
171
135
115
204
26
197
293
369
3
419
468
250
276
371
587
609
315
265
393
354
437
213
275
385
372
121
62
399
144
460
462
179
213
217
185
124
393
151
503
244
59
19
372
98
574
577
110
411
421
133
191
381
28
161
108
547
258
323
511
447
506
449
113
125
470
195
362
348
374
464
396
203
105
160
184
602
216
251
557
332
291
14
329
346
517
157
551
519
17
137
8
186
384
168
94
156
45
126
457
315
369
405
335
304
307
600
166
69
23
98
362
364
2
375
534
439
177
106
48
96
310
369
165
49
395
131
367
351
595
301
439
136
308
487
578
142
68
141
563
398
193
409
126
230
284
246
295
124
337
565
336
331
286
443
445
82
169
517
16
311
549
188
48
341
107
550
141
568
55
88
389
489
277
162
46
98
117
577
156
48
74
516
340
310
578
226
404
586
221
440
308
611
46
369
63
93
189
166
410
181
86
601
213
463
82
135
83
184
331
330
110
