"JOLA" "MANJAGO" "SEREHULE" "SERERE" "WOLLOF" "MANDINKAI" "MANDINKAII" "FULAI" "FULAII" "BAMBARA" "MALINKE" "MOSSI" "AKANS" "KASEM" "NAMKAM" "YRI" "BANTU" "SEMI.BANTU" "MALAWI" "LWK" "CHONYI" "KAUMA" "KAMBE" "GIRIAMA" "MZIGUA" "WABONDEI" "WASAMBAA" "MKK" "SUDANESE" "SOMALI" "ANUAK" "GUMUZ" "ARI" "AFAR" "TYGRAY" "AMHARA" "WOLAYTA" "OROMO" "SWBANTU" "NAMA" "SEBANTU" "AMAXHOSA" "KARRETJIE" "KHOMANI" "KHWE" "XUN" "GUIGHANAKGAL" "JUHOAN" "FIN" "CEU" "GBR" "IBS" "TSI" "GIH" "KHV" "CDX" "CHB" "CHS" "JPT" "PELII"
"JOLA" 0 0 0 0 0 0.654588616620602 0 0 0 0 0 0.110123375495146 0.102680000449818 0.0114811628835528 0.0286938028183841 0 0 0.0472953620299272 0 0 0 0 0 0 0 0 0 0 0 0 0.0338382243668729 0 0 0 0 0 0.0112994553356969 0 0 0 0 0 0 0 0 0 0 0 0 0 0 0 0 0 0 0 0 0 0 0
"MANJAGO" 0 0 0 0.072893525522041 0 0.164259973332487 0.0139650933253483 0 0.681590859816693 0 0 0.0284227799956542 0 0 0 0 0 0.0200130243633412 0 0 0 0 0 0 0 0 0 0 0 0 0.018854743644435 0 0 0 0 0 0 0 0 0 0 0 0 0 0 0 0 0 0 0 0 0 0 0 0 0 0 0 0 0
"SEREHULE" 0.170819694470384 0 0 0 0.533263919936039 0 0 0.0427982400172456 0 0 0 0.0959521251187032 0.0786157063933257 0.0299689757420591 0 0.048581338322244 0 0 0 0 0 0 0 0 0 0 0 0 0 0 0 0 0 0 0 0 0 0 0 0 0 0 0 0 0 0 0 0 0 0 0 0 0 0 0 0 0 0 0 0
"SERERE" 0.246920861736128 0.11627265990114 0 0 0.344301303691418 0 0 0 0.209431459981281 0 0 0.0302887581134172 0.0155739631359256 0 0 0.0372109934406903 0 0 0 0 0 0 0 0 0 0 0 0 0 0 0 0 0 0 0 0 0 0 0 0 0 0 0 0 0 0 0 0 0 0 0 0 0 0 0 0 0 0 0 0
"WOLLOF" 0.598844116733746 0 0.0618608292693395 0.0895496631286724 0 0.0330843636295051 0 0.108849004209924 0 0 0 0.0498490554870835 0.0169652443494609 0 0.0187193643773128 0.0222783588149555 0 0 0 0 0 0 0 0 0 0 0 0 0 0 0 0 0 0 0 0 0 0 0 0 0 0 0 0 0 0 0 0 0 0 0 0 0 0 0 0 0 0 0 0
"MANDINKAI" 0.669897613808591 0 0 0 0 0 0 0.0905348941885421 0 0 0 0.0962730063565814 0.0706791941183398 0 0.0311632690171465 0 0 0.0244354977407107 0 0 0 0 0 0 0 0 0 0 0 0 0.0170165247700887 0 0 0 0 0 0 0 0 0 0 0 0 0 0 0 0 0 0 0 0 0 0 0 0 0 0 0 0 0
"MANDINKAII" 0.0733685014848166 0 0 0 0.451202314925624 0.195053932001754 0 0 0.199573208334398 0 0 0.043931337770997 0.0245164863472804 0 0 0.0123542191351298 0 0 0 0 0 0 0 0 0 0 0 0 0 0 0 0 0 0 0 0 0 0 0 0 0 0 0 0 0 0 0 0 0 0 0 0 0 0 0 0 0 0 0 0
"FULAI" 0 0 0 0 0.68839461860436 0 0 0 0 0 0 0.0741879065682615 0 0 0 0.0224002235591783 0 0 0 0 0 0 0 0 0 0 0 0 0 0 0 0 0 0 0.044972303977844 0.0217793756372539 0 0 0 0 0 0 0 0 0 0 0 0 0 0 0 0.121934971662704 0.0263305999903981 0 0 0 0 0 0 0
"FULAII" 0 0.356321795272225 0 0 0.292889061009158 0 0 0.0337092235777037 0 0 0 0.0783865118206638 0.138077221640867 0 0.0423514221851484 0.058264764494235 0 0 0 0 0 0 0 0 0 0 0 0 0 0 0 0 0 0 0 0 0 0 0 0 0 0 0 0 0 0 0 0 0 0 0 0 0 0 0 0 0 0 0 0
"BAMBARA" 0.0517584438830016 0 0 0 0 0.1791862729756 0 0 0 0 0.259365677775259 0.15405810347901 0.173450525218422 0 0.0727441999421681 0.109436776726539 0 0 0 0 0 0 0 0 0 0 0 0 0 0 0 0 0 0 0 0 0 0 0 0 0 0 0 0 0 0 0 0 0 0 0 0 0 0 0 0 0 0 0 0
"MALINKE" 0 0 0 0 0.215441949362132 0.254560197256113 0 0 0 0.147666013181385 0 0.113736888979104 0.122176580314293 0 0.0546686123453971 0.0917497585615751 0 0 0 0 0 0 0 0 0 0 0 0 0 0 0 0 0 0 0 0 0 0 0 0 0 0 0 0 0 0 0 0 0 0 0 0 0 0 0 0 0 0 0 0
"MOSSI" 0 0 0.0138326624578328 0 0 0 0.0264107178348054 0 0 0.0524107085784799 0.0198710482841231 0 0 0.158288548808926 0.708728708653445 0.020457605382388 0 0 0 0 0 0 0 0 0 0 0 0 0 0 0 0 0 0 0 0 0 0 0 0 0 0 0 0 0 0 0 0 0 0 0 0 0 0 0 0 0 0 0 0
"AKANS" 0 0 0 0 0 0 0 0 0.0163975903575789 0 0 0 0 0.337162400087813 0.553526203365321 0.092913806189287 0 0 0 0 0 0 0 0 0 0 0 0 0 0 0 0 0 0 0 0 0 0 0 0 0 0 0 0 0 0 0 0 0 0 0 0 0 0 0 0 0 0 0 0
"KASEM" 0 0 0 0 0 0 0 0 0 0.0401957796755642 0 0 0.103242403061999 0 0.856561817262437 0 0 0 0 0 0 0 0 0 0 0 0 0 0 0 0 0 0 0 0 0 0 0 0 0 0 0 0 0 0 0 0 0 0 0 0 0 0 0 0 0 0 0 0 0
"NAMKAM" 0 0 0 0 0 0 0 0 0 0.0348726722396316 0 0 0.166032515650964 0.799094812109405 0 0 0 0 0 0 0 0 0 0 0 0 0 0 0 0 0 0 0 0 0 0 0 0 0 0 0 0 0 0 0 0 0 0 0 0 0 0 0 0 0 0 0 0 0 0
"YRI" 0 0 0 0 0 0 0 0 0 0 0 0 0.120880652793757 0.327581090965917 0.363241484441751 0 0 0 0.0839699826764357 0.0435498524238431 0 0 0 0 0.0301578341289481 0.0190038653862279 0 0 0 0 0 0 0 0 0 0 0 0 0.0116152371831204 0 0 0 0 0 0 0 0 0 0 0 0 0 0 0 0 0 0 0 0 0
"BANTU" 0 0 0 0 0 0 0 0 0 0 0 0 0 0 0 0.424367293342137 0 0 0.221027264526875 0.122967982915552 0 0 0.0256302471338466 0 0.07357044857417 0.0639593104573834 0 0 0 0 0 0 0 0 0 0 0 0 0.0354823442645916 0 0 0.015762075440662 0 0 0.0172330333447824 0 0 0 0 0 0 0 0 0 0 0 0 0 0 0
"SEMI.BANTU" 0 0 0 0 0 0 0 0 0 0 0 0 0 0 0 0.352517623707207 0.53275771547174 0 0.0635035690015165 0.0264665103019536 0 0 0 0 0.0247545815175829 0 0 0 0 0 0 0 0 0 0 0 0 0 0 0 0 0 0 0 0 0 0 0 0 0 0 0 0 0 0 0 0 0 0 0
"MALAWI" 0 0 0 0 0 0 0 0 0 0 0 0 0 0 0 0 0.0551601595807291 0.0881040414516262 0 0.049575138012386 0.0196129517147937 0.0319740724059094 0.0355007369886319 0.0542917661081547 0.352334709759597 0.231764305205336 0 0 0 0 0 0 0 0 0 0 0 0 0 0 0.0816821187728358 0 0 0 0 0 0 0 0 0 0 0 0 0 0 0 0 0 0 0
"LWK" 0 0 0 0 0 0 0 0 0 0 0 0 0 0 0 0.0212180261993416 0.108630495493592 0.14489694683863 0.401831849608301 0 0 0.0365363511158059 0 0 0 0 0 0.0895112950197844 0.0319867807893756 0 0.122686261464023 0 0 0 0 0 0 0.0250745262352638 0.0176274672358818 0 0 0 0 0 0 0 0 0 0 0 0 0 0 0 0 0 0 0 0 0
"CHONYI" 0 0 0 0 0 0 0 0 0 0 0 0 0 0 0 0 0.016242496721249 0 0.183915698598955 0 0 0.756707945218691 0.0199552797045743 0.01166407911086 0 0 0 0 0 0 0 0 0 0 0 0 0 0 0 0 0.0115145006456705 0 0 0 0 0 0 0 0 0 0 0 0 0 0 0 0 0 0 0
"KAUMA" 0 0 0 0 0 0 0 0 0 0 0 0 0 0 0 0 0 0 0.0550523474801321 0 0.536011248985103 0 0 0.408936403534765 0 0 0 0 0 0 0 0 0 0 0 0 0 0 0 0 0 0 0 0 0 0 0 0 0 0 0 0 0 0 0 0 0 0 0 0
"KAMBE" 0 0 0 0 0 0 0 0 0 0 0 0 0 0 0 0 0.0138515659121303 0 0.113288533703122 0 0.150818880337011 0 0 0.688799234288323 0 0 0 0.0111782693704222 0 0 0 0 0 0 0 0 0 0 0 0 0.022063516388992 0 0 0 0 0 0 0 0 0 0 0 0 0 0 0 0 0 0 0
"GIRIAMA" 0 0 0 0 0 0 0 0 0 0 0 0 0 0 0 0 0.0177668714986196 0.0133679853806474 0.183289357899458 0 0 0.580182889293483 0.184487013548312 0 0 0 0 0 0 0 0 0 0 0 0 0 0 0 0 0 0.0209058823794805 0 0 0 0 0 0 0 0 0 0 0 0 0 0 0 0 0 0 0
"MZIGUA" 0 0 0 0 0 0 0 0 0 0 0 0 0 0 0 0.014924019875121 0.0135673344530035 0.0302982283407598 0.245503415873861 0 0.0793254215022314 0.0251611055159507 0 0.36545484044672 0 0.179948925992697 0.0338722484407256 0.0119444595589292 0 0 0 0 0 0 0 0 0 0 0 0 0 0 0 0 0 0 0 0 0 0 0 0 0 0 0 0 0 0 0 0
"WABONDEI" 0 0 0 0 0 0 0 0 0 0 0 0 0 0 0 0 0.0137755775423945 0.0118817071953802 0.157603929114579 0 0 0 0.0232869447855845 0.175931182955096 0.482543850546087 0 0.107334290025613 0.0144575921815438 0 0 0 0 0 0 0 0 0 0 0 0 0.0131849256537219 0 0 0 0 0 0 0 0 0 0 0 0 0 0 0 0 0 0 0
"WASAMBAA" 0 0 0 0 0 0 0 0 0 0 0 0 0 0 0 0 0 0.0166509654305956 0.0874120700589535 0 0 0.0115983072292984 0 0.495006014958864 0.336819255563943 0 0 0.0216442699640526 0 0 0 0 0 0 0 0 0.0130588529818837 0.0178102638124093 0 0 0 0 0 0 0 0 0 0 0 0 0 0 0 0 0 0 0 0 0 0
"MKK" 0 0 0 0 0 0 0 0 0 0 0 0 0 0 0 0 0 0 0 0.22400731293761 0 0 0.0166886622636407 0 0.0289926059111865 0 0.0813828358963824 0 0 0.340250957404629 0.0614425505840976 0 0.231984830418267 0 0 0 0 0 0 0.015250244584187 0 0 0 0 0 0 0 0 0 0 0 0 0 0 0 0 0 0 0 0
"SUDANESE" 0 0 0 0 0 0 0 0 0 0 0 0 0 0 0 0 0 0 0 0.0401857246571792 0 0 0 0 0 0 0 0 0 0 0.959814275342821 0 0 0 0 0 0 0 0 0 0 0 0 0 0 0 0 0 0 0 0 0 0 0 0 0 0 0 0 0
"SOMALI" 0 0 0 0 0 0 0 0 0 0 0 0 0 0 0 0 0 0 0 0 0 0 0 0 0 0 0.0241219421039722 0.163416558533635 0 0 0.0367278412381162 0 0.0643546932047668 0.71137896491951 0 0 0 0 0 0 0 0 0 0 0 0 0 0 0 0 0 0 0 0 0 0 0 0 0 0
"ANUAK" 0 0 0 0 0 0 0 0 0 0 0 0 0 0 0 0 0 0 0 0.0165066145732595 0 0 0 0 0 0 0 0 0.973077597469915 0.0104157879568258 0 0 0 0 0 0 0 0 0 0 0 0 0 0 0 0 0 0 0 0 0 0 0 0 0 0 0 0 0 0
"GUMUZ" 0 0 0.01657468960558 0.0260062554586862 0 0 0.0395594590038519 0 0.0578479135268989 0.0167847733466961 0.0166634743319175 0.0120419426659851 0.0165320033413214 0 0 0 0 0.0251991500178933 0 0.0521100140722926 0 0 0 0 0 0 0 0.0425631418364018 0.365487973164101 0 0 0 0.29671175634743 0 0 0 0 0 0 0 0 0 0 0 0 0 0 0 0 0 0 0 0 0 0 0 0 0.0159174532809439 0 0
"ARI" 0 0 0 0.0207020133917945 0 0 0.0231402834408422 0 0.0438213128952591 0 0.0201805010346911 0 0.0266502517903547 0 0 0 0 0.0167422250735263 0 0 0 0 0 0 0 0.0223376018583851 0 0.258802749315914 0 0.518580968427222 0 0 0 0 0 0 0 0 0 0.0173321493492832 0 0 0 0 0 0 0 0 0 0 0 0 0 0.012648140246923 0 0 0 0.0190618031758049 0 0
"AFAR" 0 0 0 0 0 0 0 0 0 0 0 0 0 0 0 0 0 0 0 0 0 0 0 0 0 0 0 0 0 0.429736666502031 0 0 0 0 0.524986052366271 0 0 0 0 0 0 0 0 0 0 0 0 0 0 0 0 0.019098158174171 0.0261791229575269 0 0 0 0 0 0 0
"TYGRAY" 0 0 0 0 0 0 0 0 0 0 0 0 0 0 0 0 0 0 0 0 0 0 0 0 0 0 0 0 0 0 0 0 0 0.269268774057447 0 0.703488232313151 0 0 0 0 0 0 0 0 0 0 0 0 0 0 0 0 0.0272429936294014 0 0 0 0 0 0 0
"AMHARA" 0 0 0 0 0 0 0 0 0 0 0 0 0 0 0 0 0 0 0 0 0 0 0 0 0 0 0 0 0 0 0 0 0 0.23956873171936 0.745872842809784 0 0 0 0 0 0 0 0 0 0 0 0 0 0 0 0 0.014558425470856 0 0 0 0 0 0 0 0
"WOLAYTA" 0 0 0 0 0 0 0 0 0.0152627974598435 0 0 0 0 0 0 0.0133035104034365 0 0 0 0 0 0 0 0 0 0 0 0.0692232727486577 0 0.217772812178944 0 0 0.176087267753556 0 0.445638951320437 0.0627113881351259 0 0 0 0 0 0 0 0 0 0 0 0 0 0 0 0 0 0 0 0 0 0 0 0
"OROMO" 0 0 0 0 0 0 0 0 0 0 0 0 0 0 0 0 0 0 0 0 0 0 0 0 0 0 0 0 0 0.345942467776796 0 0 0 0 0.641911511071686 0 0 0 0 0 0 0 0 0 0 0 0 0 0 0 0 0.0121460211515188 0 0 0 0 0 0 0 0
"SWBANTU" 0 0 0 0 0 0 0 0 0 0 0 0 0 0 0 0.019214750629999 0.12534138923814 0.257441844799564 0 0.0709002755709442 0 0 0 0 0.110197421672659 0.0141814649440186 0.0206658574979064 0 0 0 0 0 0 0 0 0 0 0 0 0.321144042520372 0 0 0 0 0.043682171582165 0 0 0 0 0.0172307815442314 0 0 0 0 0 0 0 0 0 0
"NAMA" 0 0 0 0 0 0 0 0 0 0 0 0 0 0 0 0 0 0 0 0 0 0 0 0 0 0 0 0.0102552158894569 0 0 0 0 0 0 0 0 0 0 0.16995634215818 0 0 0 0.125659174785992 0.580164736617884 0 0 0 0.113964530548487 0 0 0 0 0 0 0 0 0 0 0 0
"SEBANTU" 0 0 0 0 0 0 0 0 0 0 0 0 0 0 0 0 0 0 0.250390541814584 0 0 0 0 0.0152208842582413 0 0.0494645530054703 0 0 0 0 0 0 0 0 0 0 0 0 0 0 0 0.606779300194663 0.056117726273798 0 0 0 0.0220269944532434 0 0 0 0 0 0 0 0 0 0 0 0 0
"AMAXHOSA" 0 0 0 0 0 0 0 0 0 0 0 0 0 0 0 0 0.0140571410499321 0 0 0 0 0 0 0 0.0612898163678982 0 0 0 0 0 0 0 0 0 0 0 0 0 0 0.0519624078418277 0.839833475194324 0 0.0328571595460178 0 0 0 0 0 0 0 0 0 0 0 0 0 0 0 0 0
"KARRETJIE" 0 0 0 0 0 0 0 0 0 0 0 0 0 0 0 0 0 0 0 0 0 0 0 0 0 0 0 0 0 0 0 0 0 0 0 0 0 0 0 0 0 0.181646122914939 0 0.800870317393779 0 0 0 0.0174835596912816 0 0 0 0 0 0 0 0 0 0 0 0
"KHOMANI" 0 0 0 0 0 0 0 0 0 0 0 0 0 0 0 0 0 0 0 0 0 0 0 0 0 0 0 0 0 0 0 0 0 0 0 0 0 0 0 0.31642913155521 0 0 0.631086401609399 0 0 0 0 0 0 0.0404859597364569 0 0 0 0.0119985070989337 0 0 0 0 0 0
"KHWE" 0 0 0 0 0 0 0 0 0 0 0 0 0 0 0 0.0301932839283122 0.0702469567332696 0.0974598112238638 0.104382034672007 0.0386637386079994 0 0 0 0 0.0417655900011078 0.0374041249696037 0 0 0 0 0 0 0 0 0 0 0 0.0159862399983659 0.0707115593706651 0 0 0.0737485101379413 0 0 0 0.419438150356864 0 0 0 0 0 0 0 0 0 0 0 0 0 0
"XUN" 0 0 0 0 0 0 0 0 0 0 0 0 0 0 0 0 0.0269590208495357 0.03769283462214 0.0193675588468248 0.0148033179040777 0 0 0 0 0 0 0.0134790863462479 0 0 0 0 0 0 0 0 0 0 0 0.0345136741138522 0 0 0.0447071350034551 0 0 0.0693296827168306 0 0 0.739147689597036 0 0 0 0 0 0 0 0 0 0 0 0
"GUIGHANAKGAL" 0 0 0 0 0 0 0 0 0 0 0 0 0 0 0 0 0 0 0 0 0 0 0 0 0 0 0 0 0 0 0 0 0 0 0 0 0 0 0 0 0.379884508670116 0 0.0455425828499979 0 0 0 0 0.574572908479886 0 0 0 0 0 0 0 0 0 0 0 0
"JUHOAN" 0 0 0 0 0 0 0.0216342176338292 0 0 0 0.0111397383356031 0 0 0 0 0 0 0 0 0 0 0 0 0 0 0 0 0 0.0129093663542041 0 0 0 0.0169891318849332 0 0 0 0 0 0 0.0736967363985778 0 0 0.43124261674921 0 0 0.432388192643643 0 0 0 0 0 0 0 0 0 0 0 0 0 0
